1
131
469.000000 1.000000 0 4.500000 1000
459.000000 2.000000 0 4.500000 1000
462.000000 38.000000 0 4.500000 1000
575.000000 50.000000 0 4.500000 1000
563.000000 54.000000 0 4.500000 1000
465.000000 57.000000 0 4.500000 1000
513.000000 59.000000 0 4.500000 1000
217.000000 90.000000 0 4.500000 1000
215.000000 100.000000 0 4.500000 1000
523.000000 144.000000 0 4.500000 1000
660.000000 164.000000 0 4.500000 1000
608.000000 167.000000 0 4.500000 1000
90.000000 239.000000 0 4.500000 1000
772.000000 275.000000 0 4.500000 1000
991.000000 304.000000 0 4.500000 1000
932.000000 305.000000 0 4.500000 1000
913.000000 308.000000 0 4.500000 1000
431.000000 323.000000 0 4.500000 1000
697.000000 341.000000 0 4.500000 1000
669.000000 349.000000 0 4.500000 1000
671.000000 381.000000 0 4.500000 1000
711.000000 390.000000 0 4.500000 1000
898.000000 406.000000 0 4.500000 1000
669.000000 415.000000 0 4.500000 1000
890.000000 416.000000 0 4.500000 1000
691.000000 442.000000 0 4.500000 1000
670.000000 445.000000 0 4.500000 1000
923.000000 449.000000 0 4.500000 1000
688.000000 482.000000 0 4.500000 1000
663.000000 483.000000 0 4.500000 1000
914.000000 499.000000 0 4.500000 1000
63.000000 534.000000 0 4.500000 1000
2.000000 2.000000 0 5.400000 1000
1094.000000 2.000000 0 5.400000 1000
466.000000 57.000000 0 5.400000 1000
514.000000 59.000000 0 5.400000 1000
216.000000 101.000000 0 5.400000 1000
140.000000 222.000000 0 5.400000 1000
91.000000 239.000000 0 5.400000 1000
697.000000 342.000000 0 5.400000 1000
670.000000 349.000000 0 5.400000 1000
922.000000 360.000000 0 5.400000 1000
711.000000 391.000000 0 5.400000 1000
670.000000 416.000000 0 5.400000 1000
701.000000 445.000000 0 5.400000 1000
671.000000 446.000000 0 5.400000 1000
698.000000 487.000000 0 5.400000 1000
207.000000 625.000000 0 5.400000 1000
458.000000 789.000000 0 5.400000 1000
2.000000 919.000000 0 5.400000 1000
1094.000000 919.000000 0 5.400000 1000
471.000000 17.000000 0 6.480000 1000
416.000000 24.000000 0 6.480000 1000
529.000000 36.000000 0 6.480000 1000
337.000000 72.000000 0 6.480000 1000
199.000000 137.000000 0 6.480000 1000
724.000000 184.000000 0 6.480000 1000
143.000000 205.000000 0 6.480000 1000
140.000000 221.000000 0 6.480000 1000
646.000000 230.000000 0 6.480000 1000
860.000000 276.000000 0 6.480000 1000
674.000000 291.000000 0 6.480000 1000
691.000000 307.000000 0 6.480000 1000
970.000000 314.000000 0 6.480000 1000
923.000000 360.000000 0 6.480000 1000
967.000000 378.000000 0 6.480000 1000
533.000000 396.000000 0 6.480000 1000
500.000000 398.000000 0 6.480000 1000
939.000000 504.000000 0 6.480000 1000
665.000000 526.000000 0 6.480000 1000
918.000000 526.000000 0 6.480000 1000
850.000000 572.000000 0 6.480000 1000
834.000000 638.000000 0 6.480000 1000
828.000000 644.000000 0 6.480000 1000
207.000000 703.000000 0 6.480000 1000
667.000000 711.000000 0 6.480000 1000
672.000000 724.000000 0 6.480000 1000
641.000000 729.000000 0 6.480000 1000
471.000000 2.000000 0 7.776000 1000
3.000000 3.000000 0 7.776000 1000
458.000000 3.000000 0 7.776000 1000
1092.000000 3.000000 0 7.776000 1000
408.000000 12.000000 0 7.776000 1000
461.000000 37.000000 0 7.776000 1000
515.000000 43.000000 0 7.776000 1000
575.000000 50.000000 0 7.776000 1000
561.000000 54.000000 0 7.776000 1000
285.000000 71.000000 0 7.776000 1000
217.000000 89.000000 0 7.776000 1000
522.000000 143.000000 0 7.776000 1000
659.000000 164.000000 0 7.776000 1000
607.000000 167.000000 0 7.776000 1000
670.000000 168.000000 0 7.776000 1000
89.000000 239.000000 0 7.776000 1000
78.000000 244.000000 0 7.776000 1000
773.000000 274.000000 0 7.776000 1000
874.000000 279.000000 0 7.776000 1000
990.000000 303.000000 0 7.776000 1000
933.000000 304.000000 0 7.776000 1000
918.000000 305.000000 0 7.776000 1000
690.000000 306.000000 0 7.776000 1000
431.000000 323.000000 0 7.776000 1000
696.000000 342.000000 0 7.776000 1000
92.000000 349.000000 0 7.776000 1000
923.000000 359.000000 0 7.776000 1000
672.000000 381.000000 0 7.776000 1000
116.000000 393.000000 0 7.776000 1000
892.000000 395.000000 0 7.776000 1000
912.000000 395.000000 0 7.776000 1000
903.000000 401.000000 0 7.776000 1000
670.000000 415.000000 0 7.776000 1000
890.000000 416.000000 0 7.776000 1000
912.000000 418.000000 0 7.776000 1000
968.000000 430.000000 0 7.776000 1000
691.000000 442.000000 0 7.776000 1000
671.000000 446.000000 0 7.776000 1000
432.000000 471.000000 0 7.776000 1000
687.000000 481.000000 0 7.776000 1000
988.000000 481.000000 0 7.776000 1000
664.000000 483.000000 0 7.776000 1000
992.000000 504.000000 0 7.776000 1000
62.000000 533.000000 0 7.776000 1000
692.000000 533.000000 0 7.776000 1000
191.000000 618.000000 0 7.776000 1000
790.000000 693.000000 0 7.776000 1000
762.000000 709.000000 0 7.776000 1000
616.000000 739.000000 0 7.776000 1000
514.000000 763.000000 0 7.776000 1000
453.000000 775.000000 0 7.776000 1000
3.000000 917.000000 0 7.776000 1000
1092.000000 917.000000 0 7.776000 1000
